Matrix_Size: 8, Proof_Time: 23.212571 s, Proof_Size: 216.03 KB, Verify_Time: 0.030625 s
Matrix_Size: 16, Proof_Time: 47.086028 s, Proof_Size: 238.53 KB, Verify_Time: 0.028994 s
Matrix_Size: 32, Proof_Time: 198.308650 s, Proof_Size: 261.91 KB, Verify_Time: 0.033137 s
Matrix_Size: 4, Proof_Time: 11.537821 s, Proof_Size: 204.66 KB, Verify_Time: 0.025541 s
